22.5,10.5,2,1,
27.5,10.5,2,1,
26.5,15.5,2,1,
23.5,15.5,2,1,
1.5,28.5,2,2,
1.5,21.5,2,2,
12.5,10.5,2,1,
12.5,6.5,2,1,
11.5,5.5,2,1,
11.5,9.5,2,1,
2.5,1.5,2,2,
19.5,32.5,2,0,
17.5,30.5,2,0,
12.5,25.5,2,0,
12.5,18.5,2,0,
9.5,12.5,2,0,
22.5,23.5,2,0,
31.5,25.5,2,0,
25.5,30.5,2,0,
25.5,19.5,2,0,
3.5,9.5,2,0,
10.5,31.5,2,2,
11.5,32.5,2,0,
12.5,34.5,2,0,
3.5,44.5,2,2,
4.5,35.5,2,2,
3.5,32.5,2,2,
18.5,44.5,2,0,
11.5,44.5,2,0,
45.5,3.5,2,0,
44.5,12.5,2,0,
43.5,18.5,2,0,
43.5,25.5,2,0,
37.5,21.5,2,0,
40.5,14.5,2,0,
39.5,9.5,2,0,
44.5,7.5,2,0,
44.5,21.5,2,0,
