48,61,48,61,0,
53,61,53,61,0,
53,68,53,68,0,
48,68,48,68,0,
48,75,48,75,0,
56,68,56,71,0,
56,68,55,71,0,
56,68,56,72,0,
56,68,55,72,0,
53,82,53,82,0,
48,82,48,82,0,
55,77,0,77,4,
56,77,1,77,4,
57,54,57,54,3,
55,56,55,56,3,
46,56,46,56,3,
44,54,44,54,3,
44,45,44,45,3,
46,43,46,43,3,
55,43,55,43,3,
57,45,57,45,3,
18,52,18,52,0,
18,47,18,47,0,
25,47,25,47,0,
25,52,25,52,0,
39,52,39,52,0,
39,47,39,47,0,
32,47,32,47,0,
32,52,32,52,0,
53,17,53,17,0,
48,17,48,17,0,
48,24,48,24,0,
53,24,53,24,0,
53,31,53,31,0,
48,31,48,31,0,
48,38,48,38,0,
53,38,53,38,0,
83,52,83,52,0,
83,47,83,47,0,
76,47,76,47,0,
76,52,76,52,0,
69,52,69,52,0,
69,47,69,47,0,
62,47,62,47,0,
62,52,62,52,0,
57,82,62,82,1,
62,82,57,82,1,
51,57,51,57,0,
51,57,50,57,0,
50,57,50,57,0,
50,57,51,57,0,
58,50,58,50,0,
58,49,58,49,0,
58,49,58,50,0,
58,50,58,49,0,
51,42,51,42,0,
50,42,50,42,0,
50,42,51,42,0,
51,42,50,42,0,
43,49,43,49,0,
43,50,43,50,0,
43,50,43,49,0,
43,49,43,50,0,
14,49,14,49,0,
14,50,14,50,0,
14,50,14,49,0,
14,49,14,50,0,
9,55,9,55,0,
8,55,8,55,0,
8,55,9,55,0,
9,55,8,55,0,
9,44,9,44,0,
8,44,8,44,0,
8,44,9,44,0,
9,44,8,44,0,
51,13,51,13,0,
50,13,50,13,0,
50,13,51,13,0,
51,13,50,13,0,
45,8,45,8,0,
45,7,45,7,0,
45,7,45,8,0,
45,8,45,7,0,
56,8,56,8,0,
56,7,56,7,0,
56,7,56,8,0,
56,8,56,7,0,
87,49,87,49,0,
87,50,87,50,0,
87,50,87,49,0,
87,49,87,50,0,
92,55,92,55,0,
93,55,93,55,0,
93,55,92,55,0,
92,55,93,55,0,
92,44,92,44,0,
93,44,93,44,0,
93,44,92,44,0,
92,44,93,44,0,
56,91,56,91,0,
56,92,56,92,0,
56,92,56,91,0,
56,91,56,92,0,
51,86,51,86,0,
50,86,50,86,0,
50,86,51,86,0,
51,86,50,86,0,
45,91,45,91,0,
45,92,45,92,0,
45,92,45,91,0,
45,91,45,92,0,
60,82,2,82,4,
62,44,69,42,0,
69,40,69,25,1,
69,25,69,40,1,
69,59,69,38,1,
69,38,69,59,1,
67,58,69,57,0,
69,36,3,36,4,
63,45,4,45,4,
32,56,29,55,0,
32,56,29,54,0,
32,56,28,55,0,
32,56,28,54,0,
32,56,28,43,0,
28,42,32,42,0,
56,16,5,16,4,
17,56,6,56,4,
19,56,7,56,4,
32,40,8,40,4,
