74.5,45.5,2,2,
69.5,45.5,2,2,
60.5,56.5,2,0,
62.5,56.5,2,0,
61.5,45.5,2,1,
81.5,45.5,2,1,
82.5,46.5,2,1,
83.5,45.5,2,1,
90.5,49.5,2,0,
93.5,52.5,2,0,
88.5,69.5,2,0,
82.5,79.5,2,0,
73.5,87.5,2,0,
49.5,92.5,2,2,
51.5,94.5,2,2,
45.5,84.5,2,1,
45.5,82.5,2,1,
54.5,82.5,2,1,
54.5,84.5,2,1,
55.5,76.5,2,2,
45.5,75.5,2,0,
45.5,77.5,2,0,
45.5,68.5,2,2,
45.5,70.5,2,2,
55.5,69.5,2,0,
54.5,61.5,2,0,
55.5,63.5,2,0,
45.5,61.5,2,1,
34.5,91.5,2,0,
24.5,86.5,2,0,
16.5,79.5,2,0,
10.5,68.5,2,0,
7.5,41.5,2,0,
10.5,33.5,2,0,
20.5,18.5,2,0,
34.5,10.5,2,0,
64.5,10.5,2,0,
75.5,16.5,2,0,
82.5,22.5,2,0,
91.5,39.5,2,0,
54.5,24.5,2,1,
56.5,26.5,2,1,
54.5,26.5,2,1,
56.5,24.5,2,1,
54.5,31.5,2,0,
54.5,33.5,2,0,
55.5,38.5,2,2,
56.5,39.5,2,2,
55.5,40.5,2,2,
44.5,38.5,2,0,
45.5,38.5,2,0,
49.5,29.5,2,0,
50.5,35.5,2,0,
49.5,40.5,2,0,
44.5,25.5,2,0,
44.5,17.5,2,2,
45.5,19.5,2,2,
54.5,19.5,2,2,
55.5,17.5,2,2,
37.5,45.5,2,1,
39.5,46.5,2,1,
37.5,50.5,2,0,
31.5,51.5,2,0,
25.5,50.5,2,0,
19.5,51.5,2,0,
15.5,50.5,2,0,
23.5,55.5,2,2,
25.5,56.5,2,2,
18.5,55.5,2,2,
