77.5,56.5,7,
77.5,55.5,7,
81.5,57.5,1,
83.5,57.5,1,
83.5,55.5,1,
81.5,55.5,1,
82.5,57.5,4,
82.5,62.5,3,
49.5,50.5,12,
82.5,60.5,11,
40.5,69.5,3,
25.5,69.5,4,
30.5,68.5,8,
30.5,70.5,8,
33.5,70.5,8,
33.5,68.5,8,
29.5,68.5,9,
31.5,67.5,9,
32.5,69.5,9,
31.5,71.5,9,
35.5,70.5,9,
37.5,67.5,9,
38.5,70.5,9,
34.5,71.5,10,
34.5,67.5,10,
29.5,67.5,10,
29.5,71.5,10,
38.5,69.5,4,
59.5,69.5,3,
36.5,69.5,7,
45.5,63.5,7,
5.5,48.5,1,
10.5,48.5,1,
5.5,53.5,1,
10.5,53.5,1,
48.5,49.5,1,
51.5,49.5,1,
51.5,52.5,1,
48.5,52.5,1,
94.5,48.5,1,
94.5,53.5,1,
89.5,48.5,1,
89.5,53.5,1,
52.5,90.5,1,
47.5,90.5,1,
47.5,95.5,1,
52.5,95.5,1,
47.5,6.5,1,
52.5,6.5,1,
52.5,11.5,1,
47.5,11.5,1,
56.5,17.5,7,
56.5,19.5,7,
44.5,31.5,0,
44.5,33.5,0,
45.5,31.5,0,
45.5,33.5,0,
40.5,32.5,7,
46.5,23.5,8,
45.5,23.5,8,
44.5,23.5,8,
43.5,23.5,8,
18.5,45.5,0,
18.5,46.5,0,
16.5,45.5,0,
16.5,46.5,0,
23.5,46.5,0,
23.5,45.5,0,
25.5,45.5,0,
25.5,46.5,0,
30.5,46.5,0,
30.5,45.5,0,
32.5,46.5,0,
32.5,45.5,0,
32.5,54.5,0,
16.5,56.5,7,
