1,9,1,9,3,
1,8,1,8,3,
1,7,1,7,3,
5,9,5,8,0,
7,8,9,9,0,
2,15,11,12,0,
2,15,12,13,0,
2,1,13,8,0,
16,6,0,6,4,
2,12,1,12,4,
3,4,3,4,4,
2,15,11,11,0,
2,15,13,13,0,
2,15,14,13,0,
2,15,15,13,0,
2,15,16,13,0,
2,15,11,5,0,
2,15,11,4,0,
2,15,12,3,0,
2,15,13,3,0,
2,15,14,3,0,
2,15,15,3,0,
2,15,16,3,0,
2,1,9,7,0,
13,45,7,41,0,
13,37,13,37,0,
13,37,14,38,0,
13,37,14,39,0,
13,37,12,36,0,
13,37,11,36,0,
5,37,6,36,0,
5,37,5,37,0,
5,37,4,38,0,
5,37,4,39,0,
5,37,7,36,0,
5,45,5,45,0,
5,45,4,44,0,
5,45,4,43,0,
5,45,6,46,0,
5,45,7,46,0,
15,8,15,25,1,
15,25,15,8,1,
4,25,4,41,1,
4,41,4,25,1,
15,22,12,23,0,
15,22,11,23,0,
15,22,12,24,0,
15,22,11,24,0,
15,22,12,26,0,
15,22,11,26,0,
43,8,43,8,3,
40,25,40,8,1,
40,8,40,25,1,
43,27,2,27,4,
43,23,3,23,4,
42,9,4,9,4,
42,7,5,7,4,
29,4,28,5,0,
25,4,28,7,0,
26,8,25,10,0,
22,38,24,37,0,
27,41,24,45,0,
38,44,39,42,0,
38,44,38,42,0,
38,44,38,40,0,
38,44,39,40,0,
9,41,25,41,1,
25,41,9,41,1,
22,44,22,28,1,
22,28,22,44,1,
27,28,27,11,1,
27,11,27,28,1,
22,5,38,38,1,
38,38,22,5,1,
42,41,42,25,1,
42,25,42,41,1,
22,22,26,22,0,
