14,24,14,24,0,
14,24,14,25,0,
14,25,14,25,0,
14,25,14,24,0,
9,24,9,24,0,
9,25,9,25,0,
9,25,9,24,0,
9,24,9,25,0,
7,19,7,19,0,
7,30,7,30,0,
7,16,4,22,1,
4,22,7,16,1,
4,27,7,33,1,
7,33,4,27,1,
6,27,0,27,4,
2,27,1,27,4,
2,22,2,22,4,
6,22,3,22,4,
9,5,9,5,0,
7,10,7,10,0,
4,5,4,5,0,
23,7,23,7,0,
26,7,26,7,0,
9,1,15,1,1,
15,1,9,1,1,
25,25,25,25,3,
25,24,25,24,3,
24,24,24,24,3,
24,25,24,25,3,
1,15,15,15,4,
15,4,4,4,4,
33,19,5,19,4,
30,11,6,11,4,
35,15,35,15,0,
35,15,35,14,0,
35,14,35,14,0,
35,14,35,15,0,
33,16,33,16,0,
33,13,33,13,0,
30,13,30,13,0,
30,16,30,16,0,
28,15,28,15,0,
28,15,28,14,0,
28,14,28,14,0,
28,14,28,15,0,
42,5,42,5,0,
42,5,41,5,0,
41,5,41,5,0,
41,5,42,5,0,
36,5,36,5,0,
36,5,35,5,0,
35,5,35,5,0,
35,5,36,5,0,
39,1,14,1,4,
44,16,44,16,0,
44,13,44,13,0,
41,41,48,14,1,
48,14,41,41,1,
47,15,47,15,0,
36,38,7,38,4,
37,45,8,45,4,
44,39,9,39,4,
46,45,10,45,4,
43,32,11,32,4,
45,30,12,30,4,
47,26,13,26,4,
19,44,19,44,0,
24,44,24,44,0,
10,44,10,44,0,
5,44,5,44,0,
3,25,16,25,4,
