28.5,21.5,8,
21.5,21.5,8,
21.5,28.5,8,
28.5,28.5,8,
16.5,7.5,3,
33.5,7.5,3,
22.5,4.5,4,
27.5,4.5,4,
27.5,17.5,8,
22.5,17.5,8,
17.5,22.5,8,
17.5,27.5,8,
22.5,32.5,8,
27.5,32.5,8,
32.5,27.5,8,
32.5,22.5,8,
19.5,2.5,0,
30.5,4.5,0,
32.5,3.5,0,
29.5,12.5,0,
30.5,12.5,0,
30.5,10.5,0,
17.5,11.5,0,
18.5,11.5,0,
20.5,12.5,0,
18.5,3.5,0,
17.5,9.5,0,
16.5,5.5,0,
31.5,9.5,0,
32.5,5.5,0,
27.5,6.5,7,
22.5,2.5,7,
22.5,6.5,7,
27.5,2.5,7,
26.5,12.5,1,
23.5,12.5,1,
15.5,1.5,7,
9.5,6.5,8,
6.5,6.5,8,
6.5,8.5,8,
9.5,8.5,8,
6.5,10.5,8,
9.5,10.5,8,
8.5,16.5,8,
8.5,14.5,8,
12.5,14.5,8,
15.5,20.5,8,
8.5,22.5,8,
8.5,27.5,8,
2.5,25.5,0,
3.5,25.5,0,
3.5,24.5,0,
2.5,24.5,0,
1.5,24.5,0,
1.5,25.5,0,
1.5,9.5,3,
1.5,15.5,4,
4.5,15.5,7,
15.5,18.5,8,
10.5,18.5,8,
10.5,20.5,8,
19.5,33.5,7,
11.5,30.5,7,
10.5,33.5,0,
11.5,34.5,0,
12.5,29.5,0,
17.5,31.5,0,
18.5,29.5,0,
19.5,30.5,0,
18.5,34.5,0,
17.5,34.5,0,
12.5,27.5,8,
17.5,36.5,8,
12.5,36.5,8,
21.5,35.5,8,
2.5,35.5,1,
2.5,32.5,1,
2.5,42.5,1,
2.5,45.5,1,
6.5,39.5,0,
7.5,38.5,0,
7.5,39.5,0,
5.5,38.5,0,
1.5,38.5,0,
2.5,39.5,0,
2.5,38.5,0,
1.5,39.5,7,
17.5,41.5,8,
12.5,41.5,8,
14.5,48.5,4,
41.5,41.5,3,
29.5,47.5,0,
32.5,42.5,0,
33.5,47.5,0,
32.5,44.5,0,
33.5,44.5,0,
34.5,42.5,0,
34.5,40.5,0,
35.5,38.5,0,
36.5,38.5,0,
38.5,37.5,0,
39.5,36.5,0,
40.5,34.5,0,
39.5,34.5,0,
37.5,33.5,0,
36.5,35.5,0,
34.5,36.5,0,
32.5,38.5,0,
30.5,41.5,0,
28.5,43.5,0,
27.5,44.5,0,
27.5,45.5,0,
25.5,47.5,0,
29.5,46.5,0,
37.5,45.5,0,
41.5,46.5,0,
39.5,47.5,0,
38.5,40.5,0,
40.5,39.5,0,
43.5,37.5,0,
42.5,35.5,0,
42.5,32.5,0,
43.5,32.5,0,
47.5,33.5,0,
45.5,39.5,0,
46.5,36.5,0,
45.5,34.5,0,
46.5,35.5,0,
48.5,41.5,0,
47.5,42.5,0,
48.5,43.5,0,
48.5,45.5,0,
47.5,46.5,0,
46.5,47.5,0,
43.5,48.5,0,
42.5,48.5,0,
44.5,48.5,0,
48.5,46.5,0,
43.5,43.5,0,
44.5,43.5,0,
45.5,46.5,7,
45.5,37.5,7,
38.5,36.5,7,
32.5,43.5,7,
30.5,45.5,7,
26.5,47.5,7,
39.5,44.5,7,
36.5,19.5,8,
36.5,10.5,8,
36.5,16.5,8,
36.5,13.5,8,
42.5,23.5,8,
42.5,20.5,8,
42.5,9.5,8,
42.5,6.5,8,
4.5,18.5,9,
5.5,19.5,9,
43.5,14.5,9,
43.5,15.5,9,
8.5,44.5,9,
9.5,45.5,9,
22.5,15.5,9,
27.5,15.5,9,
20.5,23.5,9,
20.5,26.5,9,
23.5,29.5,9,
26.5,29.5,9,
29.5,23.5,9,
29.5,26.5,9,
23.5,20.5,9,
26.5,20.5,9,
43.5,28.5,9,
44.5,29.5,9,
37.5,28.5,9,
31.5,34.5,9,
18.5,16.5,10,
18.5,17.5,10,
18.5,18.5,10,
18.5,19.5,10,
19.5,19.5,10,
19.5,18.5,10,
19.5,17.5,10,
19.5,16.5,10,
30.5,16.5,10,
30.5,17.5,10,
30.5,18.5,10,
30.5,19.5,10,
31.5,19.5,10,
31.5,18.5,10,
31.5,17.5,10,
31.5,16.5,10,
25.5,3.5,11,
