16.5,7.5,1,
22.5,7.5,1,
22.5,4.5,1,
16.5,4.5,1,
10.5,4.5,1,
8.5,6.5,1,
12.5,2.5,1,
21.5,11.5,0,
23.5,10.5,0,
16.5,13.5,0,
23.5,12.5,0,
23.5,14.5,0,
20.5,16.5,0,
21.5,13.5,1,
17.5,13.5,1,
17.5,16.5,1,
21.5,16.5,1,
18.5,18.5,0,
17.5,17.5,0,
18.5,16.5,0,
3.5,22.5,1,
3.5,20.5,1,
6.5,22.5,1,
6.5,20.5,1,
9.5,22.5,1,
9.5,20.5,1,
12.5,22.5,1,
12.5,20.5,1,
2.5,16.5,1,
2.5,11.5,1,
5.5,11.5,1,
5.5,16.5,1,
8.5,16.5,1,
8.5,11.5,1,
11.5,11.5,1,
11.5,14.5,1,
1.5,14.5,0,
4.5,10.5,0,
7.5,11.5,0,
4.5,16.5,0,
10.5,17.5,0,
11.5,16.5,0,
12.5,12.5,0,
17.5,23.5,0,
18.5,23.5,0,
22.5,23.5,0,
17.5,20.5,0,
16.5,21.5,0,
20.5,20.5,7,
18.5,21.5,7,
20.5,23.5,7,
9.5,10.5,7,
1.5,12.5,7,
5.5,15.5,7,
18.5,17.5,7,
