0,11,0,11,3,
0,12,0,12,3,
5,13,7,12,0,
5,13,7,11,0,
12,9,12,9,0,
20,5,20,5,0,
20,5,20,6,0,
20,6,20,6,0,
20,6,20,5,0,
22,12,22,12,0,
20,18,20,18,0,
20,18,20,19,0,
20,19,20,19,0,
20,19,20,18,0,
24,16,24,16,0,
25,20,25,20,0,
28,14,28,14,0,
28,10,28,10,0,
24,8,24,8,0,
25,4,25,4,0,
31,8,31,8,0,
31,16,31,16,0,
34,12,34,12,0,
34,5,34,5,0,
34,19,34,19,0,
25,29,0,29,4,
21,29,1,29,4,
22,32,2,32,4,
25,43,3,43,4,
22,45,4,45,4,
10,16,13,15,0,
10,16,14,15,0,
27,29,27,29,0,
24,33,24,33,0,
22,37,22,37,0,
17,37,17,37,0,
24,41,24,41,0,
27,45,27,45,0,
29,39,29,39,0,
29,35,29,35,0,
32,33,32,33,0,
32,41,32,41,0,
37,19,37,44,1,
37,44,37,19,1,
37,30,37,5,1,
37,5,37,30,1,
12,19,12,44,1,
12,44,12,19,1,
12,4,12,29,1,
12,29,12,4,1,
12,17,5,17,4,
10,20,6,20,4,
13,20,7,20,4,
14,18,8,18,4,
37,21,9,21,4,
37,4,10,4,4,
35,7,15,7,4,
31,39,12,39,4,
30,36,13,36,4,
31,32,14,32,4,
