6.5,11.5,2,0,
6.5,13.5,2,0,
15.5,27.5,2,1,
9.5,27.5,2,1,
12.5,27.5,2,1,
9.5,30.5,2,1,
15.5,30.5,2,1,
13.5,33.5,2,1,
11.5,33.5,2,1,
4.5,33.5,2,1,
20.5,33.5,2,1,
4.5,21.5,2,1,
7.5,21.5,2,1,
17.5,21.5,2,1,
20.5,21.5,2,1,
3.5,26.5,2,1,
21.5,26.5,2,1,
23.5,28.5,2,2,
39.5,28.5,2,0,
40.5,25.5,2,0,
34.5,25.5,2,0,
30.5,22.5,2,0,
31.5,25.5,2,0,
45.5,24.5,2,0,
43.5,22.5,2,0,
35.5,37.5,2,1,
39.5,37.5,2,1,
45.5,43.5,2,0,
36.5,40.5,2,0,
32.5,41.5,2,0,
29.5,43.5,2,0,
30.5,39.5,2,0,
36.5,46.5,2,0,
42.5,46.5,2,0,
42.5,40.5,2,0,
40.5,37.5,2,0,
37.5,39.5,2,0,
33.5,37.5,2,0,
42.5,36.5,2,0,
41.5,34.5,2,0,
