4.5,12.5,4,
14.5,26.5,1,
10.5,26.5,1,
10.5,24.5,1,
14.5,24.5,1,
19.5,37.5,4,
5.5,37.5,4,
18.5,36.5,0,
20.5,35.5,0,
7.5,36.5,0,
3.5,35.5,0,
17.5,10.5,0,
19.5,12.5,4,
44.5,12.5,3,
29.5,12.5,3,
41.5,11.5,1,
41.5,13.5,1,
44.5,13.5,1,
44.5,11.5,1,
37.5,9.5,1,
31.5,13.5,1,
31.5,11.5,1,
38.5,27.5,1,
36.5,27.5,1,
36.5,25.5,1,
38.5,25.5,1,
42.5,26.5,0,
45.5,21.5,0,
29.5,24.5,0,
32.5,26.5,0,
40.5,35.5,1,
34.5,35.5,1,
30.5,37.5,3,
44.5,37.5,3,
34.5,45.5,1,
40.5,45.5,1,
42.5,39.5,1,
32.5,39.5,1,
32.5,43.5,1,
42.5,43.5,1,
45.5,39.5,0,
46.5,44.5,0,
46.5,45.5,0,
39.5,44.5,0,
33.5,45.5,0,
28.5,41.5,0,
28.5,42.5,0,
28.5,45.5,0,
29.5,46.5,0,
18.5,14.5,7,
20.5,10.5,7,
20.5,13.5,7,
17.5,12.5,7,
7.5,35.5,7,
4.5,37.5,7,
21.5,37.5,7,
45.5,22.5,7,
43.5,25.5,7,
32.5,22.5,7,
29.5,21.5,7,
29.5,25.5,7,
39.5,31.5,7,
36.5,30.5,7,
32.5,31.5,7,
10.5,15.5,8,
13.5,15.5,8,
10.5,9.5,8,
13.5,9.5,8,
35.5,41.5,1,
39.5,41.5,1,
37.5,34.5,1,
37.5,38.5,1,
37.5,44.5,1,
37.5,11.5,1,
37.5,13.5,1,
37.5,15.5,1,
